00001000
00001400
00001800
00001C00
00002000
00002400
00002800
00002C00
00003000
00003400
00003800
00004000
00004400
00004800
00004C00
00001000
00001400
00001800
00001C00
00002000
00002400
00002800
00002C00
00003000
00003400
00003800
00003C00
00004000
00004400
00004800
00004C00
00001000
00001400
00001800
00001C00
00002000
00002400
00002800
00002C00
00003000
00003400
00003800
00003C00
00004000
00004400
00004800
00004C00
00001000
00001400
00001800
00001C00
00002000
00002400
00002800
00002C00
00003000
00003400
00003800
00003C00
00004000
00004400
00004800
00004C00
00001000
00001400
00001800
00001C00
00002000
00002400
00002800
00002C00
00003000
00003400
00003800
00003C00
00004000
00004400
00004800
00004C00
00001000
00001400
00001800
00001C00
00002000
00002400
00002800
00002C00
00003000
00003400
00003800
00003C00
00004000
00004400
00004800
00004C00
00001000
00001400
00001800
00001C00
00002000
00002400
00002800
00002C00
00003000
00003400
00003800
00003C00
00004000
00004400
00004800
00004C00
00001000
00001400
00001800
00001C00
00002000
00002400
00002800
00002C00
00003000
00003400
00003800
00003C00
00004000
00004400
00004800
00004C00